0	0
1	0.00054693
2	0.0019734
3	0.0042794
4	0.0090098
5	0.014871
6	0.021863
7	0.03048
8	0.039675
9	0.049446
10	0.060119
11	0.071183
12	0.082639
13	0.094746
14	0.10716
15	0.11987
16	0.13313
17	0.14662
18	0.16033
19	0.17449
20	0.18884
21	0.20337
22	0.2182
23	0.23316
24	0.24825
25	0.26355
26	0.27892
27	0.29437
28	0.3099
29	0.32546
30	0.34104
31	0.35662
32	0.37216
33	0.38767
34	0.40309
35	0.41844
36	0.43373
37	0.44882
38	0.4638
39	0.47867
40	0.4933
41	0.5078
42	0.52215
43	0.53621
44	0.55011
45	0.56384
46	0.57725
47	0.59047
48	0.6035
49	0.61619
50	0.62869
51	0.641
52	0.65294
53	0.66468
54	0.67623
55	0.68739
56	0.69837
57	0.70916
58	0.71957
59	0.72978
60	0.7398
61	0.74945
62	0.75892
63	0.7682
64	0.77711
65	0.78586
66	0.79443
67	0.80265
68	0.81071
69	0.8186
70	0.82615
71	0.83355
72	0.84078
73	0.84771
74	0.85449
75	0.86111
76	0.86744
77	0.87362
78	0.87967
79	0.88543
80	0.89105
81	0.89654
82	0.90177
83	0.90689
84	0.91188
85	0.91661
86	0.92123
87	0.92574
88	0.93001
89	0.93417
90	0.9382
91	0.94203
92	0.94576
93	0.94938
94	0.95278
95	0.95608
96	0.95929
97	0.9623
98	0.96522
99	0.96803
100	0.97066
101	0.97319
102	0.97563
103	0.97789
104	0.98006
105	0.98215
106	0.98407
107	0.9859
108	0.98763
109	0.9892
110	0.99067
111	0.99206
112	0.9933
113	0.99445
114	0.99552
115	0.99642
116	0.99724
117	0.99798
118	0.99856
119	0.99906
120	0.99947
121	0.99972
122	0.99989
123	1
124	0.99995
125	0.99984
126	0.99965
127	0.99932
128	0.99893
129	0.99847
130	0.99788
131	0.99722
132	0.9965
133	0.99567
134	0.99477
135	0.99381
136	0.99272
137	0.99157
138	0.99038
139	0.98906
140	0.98768
141	0.98623
142	0.98468
143	0.98307
144	0.9814
145	0.97961
146	0.97775
147	0.97583
148	0.9738
149	0.97172
150	0.96958
151	0.9673
152	0.96496
153	0.96257
154	0.96007
155	0.95751
156	0.95488
157	0.95213
158	0.94932
159	0.94645
160	0.94345
161	0.9404
162	0.93729
163	0.93407
164	0.93079
165	0.92745
166	0.92399
167	0.92047
168	0.9169
169	0.91321
170	0.90948
171	0.9057
172	0.90181
173	0.89787
174	0.89386
175	0.88977
176	0.88562
177	0.88142
178	0.87713
179	0.8728
180	0.86843
181	0.86398
182	0.85948
183	0.85494
184	0.85033
185	0.84569
186	0.84102
187	0.83629
188	0.83153
189	0.82674
190	0.82191
191	0.81704
192	0.81215
193	0.80724
194	0.80231
195	0.79734
196	0.79236
197	0.78736
198	0.78235
199	0.77731
200	0.77226
201	0.76721
202	0.76215
203	0.75708
204	0.752
205	0.74693
206	0.74185
207	0.73676
208	0.73168
209	0.72661
210	0.72155
211	0.71648
212	0.71143
213	0.70639
214	0.70136
215	0.69634
216	0.69133
217	0.68635
218	0.68138
219	0.67643
220	0.67151
221	0.66661
222	0.66173
223	0.65688
224	0.65205
225	0.64723
226	0.64247
227	0.63773
228	0.63302
229	0.62835
230	0.6237
231	0.61909
232	0.61452
233	0.60998
234	0.60545
235	0.601
236	0.59658
237	0.59217
238	0.58782
239	0.5835
240	0.5792
241	0.57497
242	0.57077
243	0.56659
244	0.56246
245	0.55836
246	0.55428
247	0.55026
248	0.54627
249	0.54231
250	0.53839
251	0.5345
252	0.53064
253	0.52683
254	0.52304
255	0.51929
256	0.51556
257	0.51187
258	0.5082
259	0.50458
260	0.50098
261	0.49741
262	0.49388
263	0.49036
264	0.48687
265	0.48343
266	0.48001
267	0.47661
268	0.47324
269	0.46989
270	0.46656
271	0.46328
272	0.46002
273	0.45678
274	0.45357
275	0.45038
276	0.44721
277	0.44408
278	0.44096
279	0.43785
280	0.43479
281	0.43174
282	0.42871
283	0.42571
284	0.42273
285	0.41978
286	0.41685
287	0.41394
288	0.41104
289	0.40817
290	0.40532
291	0.40248
292	0.39967
293	0.39688
294	0.3941
295	0.39135
296	0.38863
297	0.38592
298	0.38323
299	0.38055
300	0.37789
301	0.37524
302	0.37262
303	0.37002
304	0.36745
305	0.36488
306	0.36233
307	0.3598
308	0.35729
309	0.35479
310	0.3523
311	0.34983
312	0.34738
313	0.34496
314	0.34254
315	0.34013
316	0.33775
317	0.33539
318	0.33304
319	0.3307
320	0.32838
321	0.32608
322	0.32379
323	0.32151
324	0.31925
325	0.317
326	0.31477
327	0.31255
328	0.31035
329	0.30816
330	0.30599
331	0.30383
332	0.30168
333	0.29953
334	0.29742
335	0.29531
336	0.29322
337	0.29113
338	0.28906
339	0.28701
340	0.28497
341	0.28294
342	0.28091
343	0.27892
344	0.27692
345	0.27492
346	0.27295
347	0.271
348	0.26907
349	0.26713
350	0.26521
351	0.2633
352	0.26141
353	0.25953
354	0.25765
355	0.25579
356	0.25393
357	0.25208
358	0.25025
359	0.24843
360	0.24663
361	0.24482
362	0.24303
363	0.24126
364	0.23949
365	0.23773
366	0.23599
367	0.23426
368	0.23253
369	0.2308
370	0.2291
371	0.22741
372	0.22572
373	0.22405
374	0.22238
375	0.22071
376	0.21907
377	0.21744
378	0.21581
379	0.21418
380	0.21257
381	0.21098
382	0.20938
383	0.20779
384	0.20621
385	0.20466
386	0.2031
387	0.20155
388	0.20002
389	0.19849
390	0.19696
391	0.19544
392	0.19393
393	0.19244
394	0.19095
395	0.18946
396	0.18798
397	0.18652
398	0.18506
399	0.18361
400	0.18218
401	0.18074
402	0.17931
403	0.17789
404	0.17648
405	0.17508
406	0.17369
407	0.1723
408	0.17091
409	0.16955
410	0.16819
411	0.16683
412	0.16547
413	0.16412
414	0.16279
415	0.16146
416	0.16014
417	0.15882
418	0.15751
419	0.15621
420	0.15492
421	0.15362
422	0.15233
423	0.15106
424	0.14979
425	0.14853
426	0.14727
427	0.14603
428	0.14479
429	0.14355
430	0.14232
431	0.1411
432	0.13989
433	0.13868
434	0.13747
435	0.13627
436	0.13508
437	0.13389
438	0.13271
439	0.13152
440	0.13035
441	0.1292
442	0.12803
443	0.12688
444	0.12574
445	0.12461
446	0.12347
447	0.12233
448	0.1212
449	0.12009
450	0.11898
451	0.11787
452	0.11677
453	0.11568
454	0.11459
455	0.1135
456	0.11242
457	0.11134
458	0.11027
459	0.1092
460	0.10815
461	0.1071
462	0.10603
463	0.105
464	0.10396
465	0.10293
466	0.10189
467	0.10086
468	0.099845
469	0.09884
470	0.097834
471	0.096829
472	0.095824
473	0.094827
474	0.093836
475	0.092845
476	0.091862
477	0.090887
478	0.089912
479	0.088943
480	0.087982
481	0.087021
482	0.086068
483	0.085122
484	0.084176
485	0.083237
486	0.082306
487	0.081375
488	0.080443
489	0.079512
490	0.078595
491	0.077679
492	0.076763
493	0.075861
494	0.074959
495	0.074058
496	0.073156
497	0.072262
498	0.071375
499	0.070503
500	0.069631
501	0.068758
502	0.067886
503	0.067021
504	0.066164
505	0.065307
506	0.064449
507	0.063592
508	0.062749
509	0.061907
510	0.061064
511	0.060237
512	0.059409
513	0.058581
514	0.057768
515	0.056947
516	0.05612
517	0.055321
518	0.054516
519	0.053703
520	0.052905
521	0.052114
522	0.05133
523	0.050547
524	0.049763
525	0.04898
526	0.048197
527	0.047421
528	0.046652
529	0.045883
530	0.045122
531	0.044368
532	0.043614
533	0.04286
534	0.042106
535	0.041367
536	0.040628
537	0.039889
538	0.03915
539	0.038418
540	0.037694
541	0.03697
542	0.036246
543	0.035521
544	0.034812
545	0.034102
546	0.033392
547	0.032697
548	0.031995
549	0.031286
550	0.030591
551	0.029904
552	0.029224
553	0.028529
554	0.027842
555	0.027162
556	0.026497
557	0.025831
558	0.025166
559	0.024486
560	0.023821
561	0.023171
562	0.022506
563	0.021848
564	0.021197
565	0.020547
566	0.019904
567	0.019268
568	0.018633
569	0.017997
570	0.017361
571	0.016726
572	0.016098
573	0.015477
574	0.014856
575	0.014235
576	0.013614
577	0.012993
578	0.01238
579	0.011774
580	0.011168
581	0.010562
582	0.0099557
583	0.0093644
584	0.0087731
585	0.0081818
586	0.0075905
587	0.0070067
588	0.0064302
589	0.0058389
590	0.005255
591	0.0046785
592	0.004102
593	0.0035329
594	0.0029712
595	0.0019808
596	0.0009904
597	0
598	0
599	0
600	0
