1	10.0
2	10.777
3	10.689
4	10.598
5	10.514
6	10.434
7	10.358
8	10.287
9	10.22
10	10.158
11	10.1
12	10.046
13	9.9954
14	9.9495
15	9.9071
16	9.8685
17	9.833
18	9.7998
19	9.7683
20	9.7389
21	9.7107
22	9.684
23	9.6586
24	9.6344
25	9.6114
26	9.5901
27	9.5699
28	9.5511
29	9.5336
30	9.5178
31	9.5028
32	9.4888
33	9.4759
34	9.4641
35	9.4531
36	9.4438
37	9.4356
38	9.429
39	9.4231
40	9.4182
41	9.4148
42	9.4125
43	9.4115
44	9.4126
45	9.4156
46	9.4199
47	9.4268
48	9.4357
49	9.4463
50	9.4589
51	9.4729
52	9.4876
53	9.5028
54	9.5191
55	9.5352
56	9.5519
57	9.5695
58	9.5883
59	9.6072
60	9.6272
61	9.6478
62	9.6692
63	9.6912
64	9.7148
65	9.7398
66	9.7664
67	9.7948
68	9.8243
69	9.8563
70	9.891
71	9.9273
72	9.9656
73	10.006
74	10.049
75	10.093
76	10.138
77	10.185
78	10.233
79	10.281
80	10.331
81	10.382
82	10.433
83	10.486
84	10.539
85	10.593
86	10.648
87	10.703
88	10.76
89	10.817
90	10.874
91	10.932
92	10.992
93	11.053
94	11.115
95	11.177
96	11.239
97	11.3
98	11.361
99	11.421
100	11.478
101	11.533
102	11.587
103	11.638
104	11.688
105	11.735
106	11.78
107	11.825
108	11.868
109	11.91
110	11.951
111	11.991
112	12.029
113	12.067
114	12.103
115	12.137
116	12.169
117	12.201
118	12.23
119	12.259
120	12.287
121	12.313
122	12.339
123	12.364
124	12.388
125	12.412
126	12.437
127	12.462
128	12.486
129	12.511
130	12.537
131	12.562
132	12.587
133	12.611
134	12.633
135	12.653
136	12.671
137	12.688
138	12.704
139	12.719
140	12.734
141	12.749
142	12.765
143	12.781
144	12.797
145	12.814
146	12.831
147	12.847
148	12.863
149	12.88
150	12.895
151	12.912
152	12.928
153	12.944
154	12.961
155	12.977
156	12.992
157	13.006
158	13.019
159	13.03
160	13.04
161	13.047
162	13.055
163	13.062
164	13.07
165	13.079
166	13.09
167	13.101
168	13.113
169	13.126
170	13.14
171	13.152
172	13.164
173	13.175
174	13.184
175	13.192
176	13.201
177	13.21
178	13.219
179	13.228
180	13.238
181	13.247
182	13.258
183	13.268
184	13.278
185	13.289
186	13.299
187	13.31
188	13.32
189	13.331
190	13.342
191	13.352
192	13.363
193	13.374
194	13.385
195	13.396
196	13.408
197	13.421
198	13.435
199	13.45
200	13.466
201	13.483
202	13.499
203	13.515
204	13.531
205	13.548
206	13.563
207	13.579
208	13.594
209	13.609
210	13.625
211	13.642
212	13.66
213	13.68
214	13.701
215	13.723
216	13.746
217	13.768
218	13.791
219	13.814
220	13.837
221	13.86
222	13.885
223	13.911
224	13.937
225	13.965
226	13.993
227	14.022
228	14.052
229	14.081
230	14.111
231	14.142
232	14.173
233	14.206
234	14.241
235	14.277
236	14.315
237	14.354
238	14.395
239	14.435
240	14.477
241	14.52
242	14.564
243	14.609
244	14.655
245	14.702
246	14.751
247	14.801
248	14.851
249	14.9
250	14.951
251	15.002
252	15.052
253	15.102
254	15.153
255	15.203
256	15.253
257	15.301
258	15.35
259	15.398
260	15.447
261	15.495
262	15.543
263	15.591
264	15.64
265	15.688
266	15.735
267	15.783
268	15.83
269	15.877
270	15.925
271	15.974
272	16.024
273	16.077
274	16.131
275	16.187
276	16.245
277	16.305
278	16.37
279	16.438
280	16.51
281	16.59
282	16.675
283	16.766
284	16.864
285	16.969
286	17.082
287	17.203
288	17.332
289	17.473
290	17.625
291	17.79
292	17.968
293	18.161
294	18.368
295	18.59
296	18.824
297	19.073
298	19.337
299	19.614
300	19.903
301	20.208
302	20.528
303	20.862
304	21.21
305	21.575
306	21.955
307	22.348
308	22.753
309	23.174
310	23.61
311	24.06
312	24.525
313	25.008
314	25.511
315	26.03
316	26.564
317	27.119
318	27.694
319	28.287
320	28.896
321	29.526
322	30.175
323	30.843
324	31.527
325	32.233
326	32.959
327	33.702
328	34.459
329	35.232
330	36.02
331	36.823
332	37.637
333	38.467
334	39.314
335	40.172
336	41.038
337	41.918
338	42.809
339	43.707
340	44.607
341	45.515
342	46.427
343	47.338
344	48.247
345	49.159
346	50.073
347	50.986
348	51.897
349	52.809
350	53.721
351	54.631
352	55.536
353	56.444
354	57.354
355	58.261
356	59.163
357	60.065
358	60.966
359	61.864
360	62.757
361	63.651
362	64.542
363	65.425
364	66.296
365	67.158
366	68.007
367	68.842
368	69.657
369	70.458
370	71.243
371	72.01
372	72.754
373	73.482
374	74.193
375	74.883
376	75.552
377	76.199
378	76.825
379	77.429
380	78.008
381	78.568
382	79.11
383	79.63
384	80.129
385	80.608
386	81.07
387	81.513
388	81.937
389	82.346
390	82.739
391	83.115
392	83.473
393	83.816
394	84.144
395	84.457
396	84.756
397	85.042
398	85.318
399	85.583
400	85.837
401	86.082
402	86.321
403	86.551
404	86.773
405	86.989
406	87.199
407	87.404
408	87.603
409	87.799
410	87.993
411	88.185
412	88.374
413	88.562
414	88.75
415	88.935
416	89.118
417	89.299
418	89.477
419	89.652
420	89.822
421	89.988
422	90.15
423	90.308
424	90.461
425	90.61
426	90.754
427	90.894
428	91.026
429	91.154
430	91.278
431	91.397
432	91.512
433	91.624
434	91.732
435	91.839
436	91.943
437	92.045
438	92.146
439	92.245
440	92.341
441	92.435
442	92.527
443	92.617
444	92.705
445	92.792
446	92.879
447	92.965
448	93.051
449	93.135
450	93.219
451	93.303
452	93.385
453	93.466
454	93.547
455	93.625
456	93.702
457	93.777
458	93.851
459	93.924
460	93.994
461	94.064
462	94.132
463	94.198
464	94.265
465	94.331
466	94.397
467	94.464
468	94.53
469	94.597
470	94.666
471	94.735
472	94.804
473	94.873
474	94.943
475	95.014
476	95.084
477	95.155
478	95.226
479	95.299
480	95.372
481	95.447
482	95.522
483	95.599
484	95.675
485	95.751
486	95.825
487	95.899
488	95.97
489	96.039
490	96.108
491	96.174
492	96.239
493	96.303
494	96.367
495	96.429
496	96.491
497	96.553
498	96.615
499	96.677
500	96.74
501	96.804
502	96.87
503	96.936
504	97.003
505	97.07
506	97.138
507	97.206
508	97.273
509	97.341
510	97.409
511	97.478
512	97.549
513	97.621
514	97.696
515	97.772
516	97.849
517	97.927
518	98.005
519	98.082
520	98.16
521	98.237
522	98.314
523	98.39
524	98.466
525	98.541
526	98.615
527	98.688
528	98.758
529	98.827
530	98.893
531	98.956
532	99.017
533	99.076
534	99.134
535	99.191
536	99.247
537	99.302
538	99.355
539	99.406
540	99.455
541	99.501
542	99.545
543	99.585
544	99.623
545	99.658
546	99.69
547	99.72
548	99.746
549	99.77
550	99.79
551	99.807
552	99.82
553	99.83
554	99.836
555	99.84
556	99.84
557	99.837
558	99.832
559	99.823
560	99.812
561	99.798
562	99.781
563	99.761
564	99.738
565	99.712
566	99.683
567	99.653
568	99.62
569	99.584
570	99.547
571	99.507
572	99.465
573	99.421
574	99.374
575	99.326
576	99.276
577	99.225
578	99.173
579	99.121
580	99.069
581	99.018
582	98.965
583	98.912
584	98.857
585	98.8
586	98.741
587	98.68
588	98.619
589	98.555
590	98.492
591	98.427
592	98.363
593	98.298
594	98.232
595	98.166
596	98.1
597	98.032
598	97.963
599	97.891
600	97.818
601	97.742
602	97.663
603	97.58
604	97.493
605	97.402
606	97.306
607	97.204
608	97.098
609	96.985
610	96.863
611	96.734
612	96.597
613	96.448
614	96.288
615	96.115
616	95.931
617	95.731
618	95.516
619	95.285
620	95.041
621	94.776
622	94.491
623	94.184
624	93.857
625	93.504
626	93.124
627	92.718
628	92.287
629	91.825
630	91.33
631	90.805
632	90.248
633	89.652
634	89.017
635	88.344
636	87.637
637	86.889
638	86.101
639	85.276
640	84.419
641	83.522
642	82.589
643	81.623
644	80.631
645	79.603
646	78.541
647	77.447
648	76.328
649	75.172
650	73.981
651	72.761
652	71.52
653	70.246
654	68.946
655	67.625
656	66.292
657	64.939
658	63.578
659	62.217
660	60.861
661	59.504
662	58.157
663	56.827
664	55.521
665	54.24
666	52.986
667	51.762
668	50.569
669	49.402
670	48.262
671	47.152
672	46.075
673	45.021
674	43.99
675	42.987
676	42.014
677	41.066
678	40.141
679	39.242
680	38.366
681	37.507
682	36.662
683	35.836
684	35.03
685	34.239
686	33.464
687	32.705
688	31.965
689	31.238
690	30.525
691	29.828
692	29.15
693	28.488
694	27.84
695	27.207
696	26.591
697	25.986
698	25.392
699	24.814
700	24.25
701	23.698
702	23.159
703	22.633
704	22.126
705	21.629
706	21.143
707	20.669
708	20.208
709	19.752
710	19.306
711	18.873
712	18.453
713	18.045
714	17.651
715	17.27
716	16.9
717	16.542
718	16.193
719	15.856
720	15.531
721	15.218
722	14.914
723	14.62
724	14.339
725	14.069
726	13.813
727	13.57
728	13.351
729	13.136
730	12.922
731	12.723
732	12.534
733	12.346
734	12.155
735	11.984
736	11.819
737	11.668
738	11.523
739	11.399
740	11.28
741	11.176
742	11.116
